0 0 -3  1.1 0
5 -2  -3  2 0
8 0 -3  1 0
11  2.5 -3  2 0
16  -1  -3  1 0
19  -1  -3  2 0
24  2.5 -3  2 0
27  2.5 -3  2 0
30  2 -3  2 0
33  2 -2.5  1.5 0
36  2 -3.5  1.5 0
39  1.5 -2.5  1.5 0
42  1.5 -3.5  2 0
45  2 -2.5  2 0
48  1 -3.5  1.5 0
51  0.5 -2.5  1.5 0
54  0.5 -3.5  2 0
57  0 -2.5  1.5 0
60  0 -3.5  2 0
63  -1  -3  1.5 0
66  1 -3  2 0
69  -1  -3  1.2 0
72  -2.3  -2.5  1.5 0
75  -2.6  -1  1.5 0
78  -2.3  0.5 1.3 0
81  -2.2  0.5 2.3 0
85  -2.0  -2.5  1.4 0
88  0 -3  1.5 0
91  0 -2.9  1.7 0
94  1.5 -2.6  2.4 0
97  2 -2.4  1.8 0
100 3 -2.4  1.8 0
103 2.5 -3  1.6 0
106 3 -2.3  1.7 0
109 1 -2.7  1.9 0
112 -2  -2.8  1.6 0
115 -2.6  -2.6  1.6 0
118 -2.6  -1  1.8 0
121 -2.6  0.8 1.6 0
124 -2.5  1.0 1.7 0
127 -1  1.1 1.5 0
130 -2.3  1.1 1.5 0
133 -2.3  1.3 2.5 0
136 -1  1.2 2.5 0
139 -1.1  1.2 1.5 0
142 -2.1  1.1 2 0
145 -1.5  1.2 2.5 0
148 -1.5  1.2 2 0
151 -1.5  1.2 2.3 0
154 0 1.1 2.4 0
157 1.5 1.1 2.2 0
160 2.5 1.1 2.2 0
163 3.3 1.1 2.2 0
166 3.6 1.1 2.2 0
169 3.8 0.8 2.2 0
172 3.7 0 2.2 0
175 3.7 -1.5  2.2 0
178 3.4 -2.5  1.7 0
181 2.8 -2.5  1.7 0
184 2.1 -3  1.6 0
187 2.3 -3  1.4 0
190 1.9 -3  1.6 0
193 0 -2.8  1.8 0
196 1 -3.2  1.7 0
199 -1  -3  1.7 0
202 -2  -2.9  1.6 0
205 -1.9  -3  1.7 0
208 -2.7  -3  1.8 0
211 -2.7  -1.7  2 0
214 -2.5  0 2.2 0
217 -2.5  -2  1.9 0
220 -2.5  -2  1.5 0
